7.929999999999527e-16 4348
0.00016001063175958102 4950
6.399999999978717e-17 4862
6.399999999978717e-17 2596
7.290000000001657e-16 3614
1.9999999999933495e-18 4448
0.7300894891117485 3370
1.5458044149992958e-09 2948
6.500000000047664e-17 4582
7.30000000000173e-16 2829
8.693107926835663e-10 4309
0.7300894891121741 4949
7.929999999999527e-16 4825
1.999999999972033e-18 3769
6.499999999979451e-17 2290
1.0000000000073329e-18 2129
9.999999999860165e-19 3597
3.03263999999684e-12 4788
1.999999999972033e-18 4457
0.7300894891152016 4880
